0 11342
0 824020
0 867923
0 891835
11342 0
11342 867923
11342 891835
824020 0
824020 867923
824020 891835
867923 0
867923 11342
867923 891835
891835 0
891835 11342
891835 867923
1 203402
1 223236
1 276233
1 552600
1 569212
1 635575
1 748615
1 862566
1 893884
203402 1
203402 223236
203402 276233
203402 552600
203402 569212
203402 635575
203402 748615
203402 862566
203402 893884
276233 1
276233 203402
276233 223236
276233 552600
276233 569212
276233 635575
276233 748615
276233 862566
276233 893884
552600 1
552600 203402
552600 223236
552600 276233
552600 569212
552600 635575
552600 748615
552600 862566
552600 893884
569212 1
569212 203402
569212 223236
569212 276233
569212 552600
569212 635575
569212 748615
569212 862566
569212 893884
635575 203402
635575 223236
635575 276233
635575 552600
635575 569212
635575 748615
635575 862566
635575 893884
748615 1
748615 203402
748615 223236
748615 276233
748615 552600
748615 569212
748615 635575
748615 862566
748615 893884
862566 1
862566 203402
862566 223236
862566 276233
862566 552600
862566 569212
862566 635575
862566 748615
862566 893884
893884 203402
893884 223236
893884 276233
893884 552600
893884 569212
893884 635575
893884 748615
893884 862566
2 30957
2 357310
2 423174
2 430119
2 462435
2 472889
2 565424
2 581609
2 597621
2 644135
2 858904
30957 2
30957 357310
30957 423174
30957 430119
30957 462435
30957 472889
30957 565424
30957 581609
30957 597621
30957 644135
30957 858904
357310 2
357310 30957
357310 423174
357310 430119
357310 462435
357310 472889
357310 565424
357310 581609
357310 597621
357310 644135
357310 858904
423174 2
423174 30957
423174 357310
423174 430119
423174 462435
423174 472889
423174 565424
423174 581609
423174 597621
423174 644135
423174 858904
430119 2
430119 30957
430119 357310
430119 423174
430119 462435
430119 472889
430119 565424
430119 581609
430119 597621
430119 644135
430119 858904
462435 2
462435 30957
462435 357310
462435 423174
462435 430119
462435 472889
462435 565424
462435 581609
462435 597621
462435 644135
462435 858904
472889 2
472889 30957
472889 357310
472889 423174
472889 430119
472889 462435
472889 565424
472889 581609
472889 597621
472889 644135
472889 858904
565424 2
565424 30957
565424 357310
565424 423174
565424 430119
565424 462435
565424 472889
565424 581609
565424 597621
565424 644135
565424 858904
581609 2
581609 30957
581609 357310
581609 423174
581609 430119
581609 462435
581609 472889
581609 565424
581609 597621
581609 644135
581609 858904
644135 2
644135 30957
644135 357310
644135 423174
644135 430119
644135 462435
644135 472889
644135 565424
644135 581609
644135 597621
644135 858904
858904 2
858904 30957
858904 357310
858904 423174
858904 430119
858904 462435
858904 472889
858904 565424
858904 581609
858904 597621
858904 644135
4 44695
4 62391
4 79146
4 173976
4 670449
4 746182
4 795253
44695 4
44695 62391
44695 79146
44695 173976
44695 670449
44695 746182
44695 795253
62391 4
62391 44695
62391 79146
62391 173976
62391 670449
62391 746182
62391 795253
79146 4
79146 44695
79146 62391
79146 173976
79146 670449
79146 746182
79146 795253
173976 653863
670449 79146
670449 173976
746182 4
746182 44695
746182 62391
746182 79146
746182 173976
746182 670449
746182 795253
795253 4
795253 44695
795253 62391
795253 79146
795253 173976
795253 670449
795253 746182
5 39733
5 219773
5 300279
5 535142
5 579655
5 581741
5 608321
39733 300279
39733 579655
39733 581741
219773 39733
219773 300279
219773 579655
219773 581741
300279 39733
300279 579655
300279 581741
535142 39733
535142 300279
535142 579655
535142 581741
579655 39733
579655 300279
579655 581741
581741 39733
581741 219773
581741 300279
581741 579655
581741 608321
608321 5
608321 39733
608321 300279
608321 579655
608321 581741
6 119755
6 188708
6 668992
188708 119755
188708 668992
7 19576
7 43343
7 57818
7 75039
7 86833
7 174836
7 226374
7 230497
7 358176
7 487767
7 507854
7 514170
7 694921
7 743269
7 747035
7 877041
19576 43343
19576 57818
19576 174836
19576 226374
19576 358176
19576 487767
19576 514170
19576 877041
43343 19576
43343 75039
43343 226374
43343 358176
43343 487767
43343 514170
43343 877041
57818 19576
57818 43343
57818 226374
57818 358176
57818 487767
57818 514170
57818 877041
75039 19576
75039 43343
75039 226374
75039 358176
75039 487767
75039 514170
75039 877041
86833 19576
86833 43343
86833 75039
86833 226374
86833 358176
86833 487767
86833 514170
86833 877041
174836 226374
174836 507854
174836 877041
230497 19576
230497 43343
230497 226374
230497 358176
230497 487767
230497 514170
230497 877041
358176 19576
358176 43343
358176 226374
358176 487767
358176 514170
358176 877041
487767 7
487767 19576
487767 43343
487767 226374
487767 358176
487767 514170
487767 694921
487767 877041
507854 514170
514170 19576
514170 43343
514170 226374
514170 358176
514170 487767
514170 877041
694921 7
694921 19576
694921 43343
694921 57818
694921 226374
694921 358176
694921 487767
694921 514170
694921 877041
747035 19576
747035 43343
747035 226374
747035 358176
747035 487767
747035 514170
747035 877041
877041 19576
877041 43343
877041 75039
877041 226374
877041 358176
877041 487767
877041 514170
8 55948
8 846855
846855 55948
9 504263
9 704303
9 721062
9 780043
10 49988
10 85506
10 129774
10 134964
10 181848
10 194746
10 310676
10 332640
10 393685
10 556796
10 826668
49988 10
49988 134964
49988 181848
49988 310676
49988 393685
49988 556796
85506 10
85506 181848
85506 310676
85506 393685
85506 556796
134964 10
134964 181848
134964 310676
134964 393685
134964 556796
181848 10
181848 85506
181848 194746
181848 310676
181848 393685
181848 556796
194746 10
194746 181848
194746 310676
194746 393685
194746 556796
310676 10
310676 134964
310676 181848
310676 393685
310676 556796
332640 10
332640 181848
332640 310676
332640 393685
332640 556796
393685 10
393685 181848
393685 310676
393685 332640
393685 556796
556796 10
556796 181848
556796 310676
556796 393685
826668 10
826668 181848
826668 310676
826668 393685
826668 556796
11 42021
11 75364
11 105322
11 160306
11 216203
11 280605
11 360442
11 400675
11 579432
11 852008
11 881590
42021 75364
42021 105322
42021 160306
42021 216203
42021 360442
42021 400675
42021 579432
75364 11
75364 42021
75364 105322
75364 160306
75364 216203
75364 360442
75364 400675
75364 579432
75364 852008
105322 42021
105322 75364
105322 160306
105322 216203
105322 360442
105322 400675
105322 579432
160306 42021
160306 75364
160306 216203
160306 360442
160306 400675
160306 579432
216203 42021
216203 105322
216203 160306
216203 360442
216203 400675
216203 579432
280605 42021
280605 75364
280605 105322
280605 160306
280605 216203
280605 360442
280605 400675
280605 579432
360442 42021
360442 105322
360442 160306
360442 216203
360442 400675
360442 579432
400675 42021
400675 75364
400675 105322
400675 160306
400675 216203
400675 360442
400675 579432
579432 42021
579432 75364
579432 105322
579432 160306
579432 216203
579432 360442
579432 400675
852008 42021
852008 75364
852008 105322
852008 160306
852008 216203
852008 360442
852008 400675
852008 579432
881590 42021
881590 75364
881590 105322
881590 160306
881590 216203
881590 360442
881590 400675
881590 579432
13 104279
13 143673
13 257316
13 298314
13 317571
13 379868
13 487593
13 514176
13 677378
13 756408
13 806291
13 832457
13 834531
13 845262
13 876328
13 908351
13 909316
104279 143673
104279 257316
104279 298314
104279 317571
104279 379868
104279 487593
104279 514176
104279 677378
104279 756408
104279 806291
104279 832457
104279 834531
104279 845262
104279 876328
104279 908351
104279 909316
143673 104279
143673 257316
143673 298314
143673 317571
143673 379868
143673 487593
143673 514176
143673 677378
143673 756408
143673 806291
143673 832457
143673 834531
143673 845262
143673 876328
143673 908351
143673 909316
257316 104279
257316 143673
257316 298314
257316 317571
257316 379868
257316 487593
257316 514176
257316 677378
257316 756408
257316 806291
257316 832457
257316 834531
257316 845262
257316 876328
257316 908351
257316 909316
298314 104279
298314 143673
298314 257316
298314 317571
298314 379868
298314 487593
298314 514176
298314 677378
298314 756408
298314 806291
298314 832457
298314 834531
298314 845262
298314 876328
298314 908351
298314 909316
317571 104279
317571 143673
317571 257316
317571 298314
317571 379868
317571 487593
317571 514176
317571 677378
317571 756408
317571 806291
317571 832457
317571 834531
317571 845262
317571 876328
317571 908351
317571 909316
379868 104279
379868 143673
379868 257316
379868 298314
379868 317571
379868 487593
379868 514176
379868 677378
379868 756408
379868 806291
379868 832457
379868 834531
379868 845262
379868 876328
379868 908351
379868 909316
487593 104279
487593 143673
487593 257316
487593 298314
487593 317571
487593 379868
487593 514176
487593 677378
487593 756408
487593 806291
487593 832457
487593 834531
487593 845262
487593 876328
487593 908351
487593 909316
514176 104279
514176 143673
514176 257316
514176 298314
514176 317571
514176 379868
514176 487593
514176 677378
514176 756408
514176 806291
514176 832457
514176 834531
514176 845262
514176 876328
514176 908351
514176 909316
677378 104279
677378 143673
677378 257316
677378 298314
677378 317571
677378 379868
677378 487593
677378 514176
677378 756408
677378 806291
677378 832457
677378 834531
677378 845262
677378 876328
677378 908351
677378 909316
756408 104279
756408 143673
756408 257316
756408 298314
756408 317571
756408 379868
756408 487593
756408 514176
756408 677378
756408 806291
756408 832457
756408 834531
756408 845262
756408 876328
756408 908351
756408 909316
806291 104279
806291 143673
806291 257316
806291 298314
806291 317571
806291 379868
806291 487593
806291 514176
806291 677378
806291 756408
806291 832457
806291 834531
806291 845262
806291 876328
806291 908351
806291 909316
832457 104279
832457 143673
832457 257316
832457 298314
832457 317571
832457 379868
832457 487593
832457 514176
832457 677378
832457 756408
832457 806291
832457 834531
832457 845262
832457 876328
832457 908351
832457 909316
834531 908351
845262 104279
845262 143673
845262 257316
845262 298314
845262 317571
845262 379868
845262 487593
845262 514176
845262 677378
845262 756408
845262 806291
845262 832457
845262 834531
845262 876328
845262 908351
845262 909316
876328 104279
876328 143673
876328 257316
876328 298314
876328 317571
876328 379868
876328 487593
876328 514176
876328 677378
876328 756408
876328 806291
876328 832457
876328 834531
876328 845262
876328 908351
876328 909316
909316 104279
909316 143673
909316 257316
909316 298314
909316 317571
909316 379868
909316 487593
909316 514176
909316 677378
909316 756408
909316 806291
909316 832457
909316 834531
909316 845262
909316 876328
909316 908351
15 16586
15 43847
15 44788
15 99387
15 130698
15 390257
15 422877
15 451817
15 460382
15 567443
15 639906
15 661693
15 771890
15 795462
15 859227
15 888999
16 644379
644379 828963
17 33881
17 40033
17 96828
17 116209
17 202339
17 501061
17 520215
17 546581
17 551829
17 590190
17 647961
17 691178
17 724847
17 725759
17 793999
17 859607
17 861125
17 876722
33881 551829
40033 96828
40033 116209
40033 202339
40033 546581
40033 551829
40033 590190
40033 647961
40033 691178
40033 724847
40033 793999
40033 859607
40033 861125
96828 40033
96828 116209
96828 202339
96828 546581
96828 551829
96828 590190
96828 647961
96828 691178
96828 724847
96828 793999
96828 859607
96828 861125
116209 40033
116209 96828
116209 546581
116209 551829
116209 590190
116209 647961
116209 691178
116209 724847
116209 793999
116209 859607
116209 861125
202339 40033
202339 96828
202339 116209
202339 546581
202339 551829
202339 590190
202339 647961
202339 691178
202339 724847
202339 793999
202339 859607
202339 861125
501061 17
501061 33881
501061 40033
501061 96828
501061 116209
501061 202339
501061 520215
501061 546581
501061 551829
501061 590190
501061 647961
501061 691178
501061 724847
501061 725759
501061 793999
501061 859607
501061 861125
501061 876722
520215 17
520215 33881
520215 40033
520215 96828
520215 116209
520215 202339
520215 501061
520215 546581
520215 551829
520215 590190
520215 647961
520215 691178
520215 724847
520215 725759
520215 793999
520215 859607
520215 861125
520215 876722
546581 17
546581 33881
546581 40033
546581 96828
546581 116209
546581 202339
546581 501061
546581 520215
546581 551829
546581 590190
546581 647961
546581 691178
546581 724847
546581 725759
546581 793999
546581 859607
546581 861125
546581 876722
590190 40033
590190 96828
590190 116209
590190 546581
590190 551829
590190 647961
590190 691178
590190 724847
590190 793999
590190 859607
590190 861125
647961 40033
647961 96828
647961 116209
647961 546581
647961 590190
647961 691178
647961 724847
647961 793999
647961 859607
647961 861125
691178 40033
691178 96828
691178 116209
691178 546581
691178 590190
691178 647961
691178 724847
691178 793999
691178 859607
691178 861125
724847 40033
724847 96828
724847 116209
724847 546581
724847 590190
724847 647961
724847 691178
724847 793999
724847 859607
724847 861125
725759 17
725759 33881
725759 40033
725759 96828
725759 116209
725759 202339
725759 501061
725759 520215
725759 546581
725759 551829
725759 590190
725759 647961
725759 691178
725759 724847
725759 793999
725759 859607
725759 861125
725759 876722
793999 40033
793999 96828
793999 116209
793999 546581
793999 590190
793999 647961
793999 691178
793999 724847
793999 859607
793999 861125
859607 40033
859607 96828
859607 116209
859607 202339
859607 546581
859607 551829
859607 590190
859607 647961
859607 691178
859607 724847
859607 793999
859607 861125
861125 116209
861125 546581
861125 590190
861125 647961
861125 691178
861125 724847
861125 793999
876722 17
876722 33881
876722 40033
876722 96828
876722 116209
876722 202339
876722 501061
876722 520215
876722 546581
876722 551829
876722 590190
876722 647961
876722 691178
876722 724847
876722 725759
876722 793999
876722 859607
876722 861125
18 431311
18 445245
18 528720
18 781983
18 818382
18 886971
431311 445245
431311 781983
431311 818382
445245 818382
528720 431311
528720 445245
528720 781983
528720 818382
781983 431311
781983 445245
781983 528720
781983 818382
781983 886971
886971 445245
886971 528720
886971 781983
886971 818382
19 170194
19 173976
19 653863
170194 173976
170194 653863
653863 173976
20 7235
20 908351
7235 908351
21 117070
21 185067
21 274149
21 425769
21 492643
21 504769
21 572100
21 602912
21 667688
21 681150
21 689371
21 711442
21 744789
21 776322
21 805694
21 815787
117070 21
117070 185067
117070 274149
117070 425769
117070 492643
117070 504769
117070 572100
117070 602912
117070 667688
117070 681150
117070 689371
117070 711442
117070 744789
117070 776322
117070 805694
117070 815787
274149 185067
274149 425769
274149 492643
274149 504769
274149 572100
425769 185067
425769 274149
425769 492643
425769 504769
504769 185067
602912 21
602912 117070
602912 185067
602912 274149
602912 425769
602912 492643
602912 504769
602912 572100
602912 667688
602912 681150
602912 689371
602912 711442
602912 744789
602912 776322
602912 805694
602912 815787
667688 21
667688 117070
667688 185067
667688 274149
667688 425769
667688 492643
667688 504769
667688 572100
667688 602912
667688 681150
667688 689371
667688 711442
667688 744789
667688 776322
667688 805694
667688 815787
681150 185067
689371 21
689371 117070
689371 185067
689371 602912
689371 667688
689371 681150
689371 711442
689371 744789
689371 776322
689371 805694
689371 815787
711442 21
711442 117070
711442 185067
711442 274149
711442 425769
711442 572100
711442 602912
711442 667688
711442 681150
711442 689371
711442 744789
711442 776322
711442 805694
711442 815787
744789 21
744789 117070
744789 185067
744789 274149
744789 425769
744789 492643
744789 504769
744789 572100
744789 602912
744789 667688
744789 681150
744789 689371
744789 711442
744789 776322
744789 805694
744789 815787
776322 21
776322 117070
776322 185067
776322 274149
776322 425769
776322 492643
776322 504769
776322 572100
776322 602912
776322 667688
776322 681150
776322 689371
776322 711442
776322 744789
776322 805694
776322 815787
805694 21
805694 117070
805694 185067
805694 274149
805694 425769
805694 492643
805694 504769
805694 572100
805694 602912
805694 667688
805694 681150
805694 689371
805694 711442
805694 744789
805694 776322
805694 815787
815787 21
815787 117070
815787 185067
815787 274149
815787 425769
815787 492643
815787 504769
815787 572100
815787 602912
815787 667688
815787 681150
815787 689371
815787 711442
815787 744789
815787 776322
815787 805694
22 13505
22 87899
22 99379
22 124908
22 465399
22 486980
22 658333
22 738994
13505 87899
13505 99379
13505 465399
13505 486980
13505 658333
13505 738994
87899 13505
87899 99379
87899 465399
87899 486980
87899 658333
87899 738994
99379 486980
124908 13505
124908 87899
124908 99379
124908 465399
124908 486980
124908 658333
124908 738994
465399 22
465399 13505
465399 87899
465399 99379
465399 486980
465399 658333
465399 738994
658333 13505
658333 87899
658333 99379
658333 465399
658333 486980
658333 738994
738994 22
738994 13505
738994 87899
738994 99379
738994 465399
738994 486980
738994 658333
23 97652
23 105248
23 155786
23 399699
23 738198
23 747246
23 749027
23 776695
97652 23
97652 105248
97652 399699
97652 738198
97652 747246
97652 749027
97652 776695
105248 23
105248 97652
105248 399699
105248 738198
105248 747246
105248 749027
105248 776695
399699 155786
738198 23
738198 97652
738198 105248
738198 399699
738198 747246
738198 749027
738198 776695
747246 399699
747246 738198
747246 749027
747246 776695
749027 23
749027 97652
749027 105248
749027 399699
749027 738198
749027 747246
749027 776695
776695 23
776695 97652
776695 105248
776695 399699
776695 738198
776695 747246
776695 749027
24 141906
24 146877
24 466013
24 504140
24 524179
24 767842
141906 146877
141906 466013
141906 504140
146877 504140
466013 504140
524179 141906
524179 146877
524179 466013
524179 504140
524179 767842
767842 141906
767842 146877
767842 466013
767842 504140
767842 524179
25 13825
25 55030
25 132001
25 153967
25 186630
25 274064
25 281234
25 441852
25 779319
25 798597
25 914842
13825 55030
13825 132001
13825 153967
13825 186630
13825 274064
13825 281234
13825 441852
13825 779319
13825 798597
13825 914842
55030 13825
55030 132001
55030 153967
55030 186630
55030 274064
55030 281234
55030 441852
55030 779319
55030 798597
55030 914842
132001 13825
132001 55030
132001 153967
132001 186630
132001 274064
132001 281234
132001 441852
132001 779319
132001 798597
132001 914842
153967 13825
153967 55030
153967 132001
153967 186630
153967 274064
153967 281234
153967 441852
153967 779319
153967 798597
153967 914842
186630 13825
186630 55030
186630 132001
186630 153967
186630 274064
186630 281234
186630 441852
186630 779319
186630 798597
186630 914842
274064 13825
274064 55030
274064 132001
274064 153967
274064 186630
274064 281234
274064 441852
274064 779319
274064 798597
274064 914842
281234 13825
281234 55030
281234 132001
281234 153967
281234 186630
281234 274064
281234 441852
281234 779319
281234 798597
281234 914842
441852 13825
441852 55030
441852 132001
441852 153967
441852 186630
441852 274064
441852 281234
441852 779319
441852 798597
441852 914842
779319 13825
779319 55030
779319 132001
779319 153967
779319 186630
779319 274064
779319 281234
779319 441852
779319 798597
779319 914842
798597 13825
798597 55030
798597 132001
798597 153967
798597 186630
798597 274064
798597 281234
798597 441852
798597 779319
798597 914842
914842 13825
914842 55030
914842 132001
914842 153967
914842 186630
914842 274064
914842 281234
914842 441852
914842 779319
914842 798597
26 97056
26 175140
26 316341
26 866449
866449 97056
866449 175140
866449 316341
27 47401
27 96333
27 135295
27 167262
27 265105
27 286493
27 377410
27 380942
27 440998
27 466467
27 479492
27 675403
27 701137
27 840474
27 885553
47401 27
47401 96333
47401 265105
47401 479492
47401 675403
47401 701137
47401 840474
96333 27
96333 47401
96333 265105
96333 479492
96333 675403
96333 701137
96333 840474
135295 27
135295 47401
135295 96333
135295 265105
135295 479492
135295 675403
135295 701137
135295 840474
167262 27
167262 47401
167262 96333
167262 265105
167262 479492
167262 675403
167262 701137
167262 840474
265105 27
265105 47401
265105 96333
265105 135295
265105 167262
265105 286493
265105 377410
265105 380942
265105 440998
265105 466467
265105 479492
265105 675403
265105 701137
265105 840474
265105 885553
286493 27
286493 47401
286493 96333
286493 265105
286493 479492
286493 675403
286493 701137
286493 840474
377410 135295
380942 27
380942 47401
380942 96333
380942 265105
380942 479492
380942 675403
380942 701137
380942 840474
440998 135295
440998 286493
440998 466467
466467 27
466467 47401
466467 96333
466467 265105
466467 479492
466467 675403
466467 701137
466467 840474
479492 27
479492 47401
479492 96333
479492 265105
479492 675403
479492 701137
479492 840474
675403 27
675403 47401
675403 96333
675403 265105
675403 479492
675403 701137
675403 840474
701137 27
701137 47401
701137 96333
701137 265105
701137 479492
701137 675403
701137 840474
840474 27
840474 47401
840474 96333
840474 265105
840474 479492
840474 675403
840474 701137
885553 27
885553 47401
885553 96333
885553 265105
885553 479492
885553 675403
885553 701137
885553 840474
28 151230
28 537900
28 616640
28 621034
28 621670
151230 28
151230 537900
151230 616640
151230 621034
151230 621670
537900 28
537900 151230
537900 616640
537900 621034
537900 621670
616640 28
616640 151230
616640 537900
616640 621034
616640 621670
621034 28
621034 151230
621034 537900
621034 616640
621034 621670
29 281482
29 291879
29 502809
29 714381
29 839849
281482 291879
291879 502809
291879 714381
291879 839849
502809 29
502809 291879
502809 714381
502809 839849
714381 291879
714381 502809
714381 839849
839849 291879
839849 502809
839849 714381
30 124509
30 161360
30 161448
30 177766
30 377928
30 564863
30 572945
30 650162
30 687325
30 727325
30 736915
30 766528
30 806752
30 851608
30 856818
124509 30
124509 161360
124509 161448
124509 177766
124509 377928
124509 564863
124509 572945
124509 687325
124509 727325
124509 736915
124509 766528
124509 806752
124509 856818
161360 687325
161360 736915
161448 30
161448 124509
161448 161360
161448 177766
161448 377928
161448 564863
161448 572945
161448 687325
161448 727325
161448 736915
161448 766528
161448 806752
161448 856818
177766 30
177766 124509
177766 161360
177766 161448
177766 377928
177766 564863
177766 572945
177766 687325
177766 727325
177766 736915
177766 766528
177766 806752
177766 856818
377928 30
377928 124509
377928 161448
377928 177766
377928 572945
377928 687325
377928 727325
377928 766528
377928 806752
377928 856818
564863 687325
572945 30
572945 124509
572945 161360
572945 161448
572945 177766
572945 377928
572945 564863
572945 687325
572945 727325
572945 736915
572945 766528
572945 806752
572945 856818
650162 30
650162 124509
650162 161360
650162 161448
650162 177766
650162 377928
650162 564863
650162 572945
650162 687325
650162 727325
650162 736915
650162 766528
650162 806752
650162 856818
727325 30
727325 124509
727325 161360
727325 161448
727325 177766
727325 377928
727325 564863
727325 572945
727325 687325
727325 736915
727325 766528
727325 806752
727325 856818
736915 161360
736915 687325
766528 30
766528 124509
766528 161360
766528 161448
766528 177766
766528 377928
766528 564863
766528 572945
766528 687325
766528 727325
766528 736915
766528 806752
766528 856818
806752 161360
806752 564863
806752 687325
806752 736915
851608 30
851608 124509
851608 161360
851608 161448
851608 177766
851608 377928
851608 564863
851608 572945
851608 687325
851608 727325
851608 736915
851608 766528
851608 806752
851608 856818
856818 30
856818 124509
856818 161360
856818 161448
856818 177766
856818 377928
856818 564863
856818 572945
856818 687325
856818 727325
856818 736915
856818 766528
856818 806752
31 104370
31 166776
31 213338
31 290763
31 514756
31 859136
31 882132
104370 31
104370 166776
104370 859136
104370 882132
166776 213338
514756 31
514756 104370
514756 859136
514756 882132
882132 104370
882132 514756
32 51633
32 167455
32 215367
32 274848
32 479713
32 490263
32 515698
32 721816
32 891240
51633 32
51633 167455
51633 215367
51633 274848
51633 479713
51633 490263
51633 515698
51633 721816
51633 891240
167455 215367
167455 274848
167455 490263
167455 515698
167455 721816
215367 167455
215367 274848
215367 490263
215367 515698
215367 721816
274848 32
274848 51633
274848 167455
274848 215367
274848 479713
274848 490263
274848 515698
274848 721816
274848 891240
479713 32
479713 51633
479713 167455
479713 215367
479713 274848
479713 490263
479713 515698
479713 721816
479713 891240
490263 167455
490263 215367
490263 274848
490263 515698
490263 721816
515698 167455
515698 215367
515698 274848
515698 490263
515698 721816
891240 32
891240 51633
891240 167455
891240 215367
891240 274848
891240 479713
891240 490263
891240 515698
891240 721816
33 854445
34 62856
34 81997
34 297073
34 342492
34 405329
34 477577
34 498271
34 517327
34 610601
34 645885
34 717491
34 728753
34 758307
34 818382
34 909041
62856 81997
62856 297073
62856 342492
62856 405329
62856 477577
62856 498271
62856 517327
62856 610601
62856 645885
62856 717491
62856 728753
62856 758307
62856 818382
62856 909041
81997 62856
81997 297073
81997 342492
81997 405329
81997 477577
81997 498271
81997 517327
81997 610601
81997 645885
81997 717491
81997 728753
81997 758307
81997 909041
297073 62856
297073 81997
297073 342492
297073 405329
297073 477577
297073 498271
297073 517327
297073 610601
297073 645885
297073 717491
297073 728753
297073 758307
297073 818382
297073 909041
342492 62856
342492 81997
342492 297073
342492 405329
342492 477577
342492 498271
342492 517327
342492 610601
342492 645885
342492 717491
342492 728753
342492 758307
342492 818382
342492 909041
405329 34
405329 62856
405329 81997
405329 297073
405329 342492
405329 477577
405329 498271
405329 517327
405329 610601
405329 645885
405329 717491
405329 728753
405329 758307
405329 818382
405329 909041
477577 62856
477577 81997
477577 297073
477577 342492
477577 405329
477577 498271
477577 517327
477577 610601
477577 645885
477577 717491
477577 728753
477577 758307
477577 818382
477577 909041
498271 62856
498271 81997
498271 297073
498271 342492
498271 405329
498271 477577
498271 517327
498271 610601
498271 645885
498271 717491
498271 728753
498271 758307
498271 818382
498271 909041
517327 62856
517327 81997
517327 297073
517327 342492
517327 405329
517327 477577
517327 498271
517327 610601
517327 645885
517327 717491
517327 728753
517327 758307
517327 818382
517327 909041
610601 62856
610601 81997
610601 297073
610601 342492
610601 405329
610601 477577
610601 498271
610601 517327
610601 645885
610601 717491
610601 728753
610601 758307
610601 818382
610601 909041
645885 818382
717491 62856
717491 81997
717491 297073
717491 342492
717491 405329
717491 477577
717491 498271
717491 517327
717491 610601
717491 645885
717491 728753
717491 758307
717491 818382
717491 909041
728753 62856
728753 81997
728753 297073
728753 342492
728753 405329
728753 477577
728753 498271
728753 517327
728753 610601
728753 645885
728753 717491
728753 758307
728753 818382
728753 909041
758307 62856
758307 81997
758307 297073
758307 342492
758307 405329
758307 477577
758307 498271
758307 517327
758307 610601
758307 645885
758307 717491
758307 728753
758307 818382
758307 909041
909041 62856
909041 81997
909041 297073
909041 342492
909041 405329
909041 477577
909041 498271
909041 517327
909041 610601
909041 645885
909041 717491
909041 728753
909041 758307
909041 818382
36 241611
36 285042
36 297289
36 455271
36 488181
36 546829
36 547329
241611 285042
241611 297289
241611 455271
241611 488181
241611 546829
241611 547329
285042 241611
285042 297289
285042 455271
285042 488181
285042 546829
285042 547329
297289 241611
297289 285042
297289 455271
297289 488181
297289 546829
297289 547329
455271 241611
455271 285042
455271 297289
455271 488181
455271 546829
455271 547329
488181 241611
488181 285042
488181 297289
488181 455271
488181 546829
488181 547329
546829 241611
546829 285042
546829 297289
546829 455271
546829 488181
546829 547329
547329 241611
547329 285042
547329 297289
547329 455271
547329 488181
547329 546829
37 155507
37 231194
37 321242
37 558791
37 612116
37 851219
155507 231194
155507 321242
155507 558791
155507 612116
155507 851219
231194 37
231194 155507
231194 321242
231194 558791
231194 612116
231194 851219
321242 155507
321242 231194
321242 558791
321242 612116
321242 851219
612116 155507
612116 231194
612116 321242
612116 558791
612116 851219
851219 155507
851219 231194
851219 321242
851219 558791
851219 612116
38 47312
38 67397
38 131029
38 238588
38 325684
38 459074
38 611265
38 643033
38 680996
38 704416
38 758553
47312 67397
47312 131029
47312 238588
47312 325684
47312 459074
47312 611265
47312 643033
47312 680996
47312 704416
47312 758553
67397 459074
67397 568104
67397 680996
131029 67397
131029 238588
131029 325684
131029 459074
131029 680996
131029 704416
238588 67397
238588 131029
238588 325684
238588 459074
238588 680996
238588 704416
325684 67397
325684 131029
325684 238588
325684 459074
325684 680996
325684 704416
459074 568104
611265 47312
611265 67397
611265 131029
611265 238588
611265 325684
611265 459074
611265 643033
611265 704416
611265 758553
643033 47312
643033 67397
643033 131029
643033 238588
643033 325684
643033 459074
643033 611265
643033 704416
643033 758553
680996 67397
680996 459074
704416 67397
704416 131029
704416 238588
704416 325684
704416 459074
704416 680996
758553 47312
758553 67397
758553 131029
758553 238588
758553 325684
758553 459074
758553 611265
758553 643033
758553 704416
40 444534
444534 40
41 82213
41 349604
41 407610
41 418155
41 800011
41 882782
41 891714
82213 41
82213 349604
82213 407610
82213 418155
82213 800011
82213 882782
82213 891714
349604 82213
349604 407610
349604 418155
349604 800011
349604 882782
349604 891714
407610 418155
407610 882782
407610 891714
418155 407610
418155 882782
418155 891714
800011 82213
800011 349604
800011 407610
800011 418155
800011 882782
800011 891714
882782 407610
882782 418155
882782 891714
891714 407610
891714 418155
891714 882782
42 123804
42 178983
42 193068
42 193988
42 232911
42 274428
42 399263
42 486172
42 691463
42 741005
42 842118
42 912178
123804 42
123804 178983
123804 193068
123804 193988
123804 232911
123804 274428
123804 399263
123804 486172
123804 691463
123804 741005
123804 842118
123804 912178
178983 42
178983 123804
178983 193068
178983 193988
178983 232911
178983 274428
178983 399263
178983 486172
178983 691463
178983 741005
178983 842118
178983 912178
193068 42
193068 123804
193068 178983
193068 193988
193068 232911
193068 274428
193068 399263
193068 486172
193068 691463
193068 741005
193068 842118
193068 912178
193988 42
193988 123804
193988 178983
193988 193068
193988 232911
193988 274428
193988 399263
193988 486172
193988 691463
193988 741005
193988 842118
193988 912178
232911 42
232911 123804
232911 178983
232911 193068
232911 193988
232911 274428
232911 399263
232911 486172
232911 691463
232911 741005
232911 842118
232911 912178
274428 42
274428 123804
274428 178983
274428 193068
274428 193988
274428 232911
274428 399263
274428 486172
274428 691463
274428 741005
274428 842118
274428 912178
399263 42
399263 123804
399263 178983
399263 193068
399263 193988
399263 232911
399263 274428
399263 486172
399263 691463
399263 741005
399263 842118
399263 912178
486172 42
486172 123804
486172 178983
486172 193068
486172 193988
486172 232911
486172 274428
486172 399263
486172 691463
486172 741005
486172 842118
486172 912178
691463 42
691463 123804
691463 178983
691463 193068
691463 193988
691463 232911
691463 274428
691463 399263
691463 486172
691463 741005
691463 842118
691463 912178
741005 42
741005 123804
741005 178983
741005 193068
741005 193988
741005 232911
741005 274428
741005 399263
741005 486172
741005 691463
741005 842118
741005 912178
842118 42
842118 123804
842118 178983
842118 193068
842118 193988
842118 232911
842118 274428
842118 399263
842118 486172
842118 691463
842118 741005
842118 912178
912178 42
912178 123804
912178 178983
912178 193068
912178 193988
912178 232911
912178 274428
912178 399263
912178 486172
912178 691463
912178 741005
912178 842118
43 337695
43 360877
43 459074
43 568104
43 703332
337695 360877
337695 459074
337695 568104
337695 703332
360877 337695
360877 459074
360877 568104
360877 703332
568104 459074
703332 337695
703332 360877
703332 459074
44 192418
44 356683
44 494138
44 563108
44 818349
192418 356683
192418 494138
192418 563108
192418 818349
356683 192418
47 354815
47 438491
354815 438491
48 25870
48 168352
48 375621
48 385596
48 409753
48 494100
48 630872
48 707188
48 721816
25870 48
25870 168352
25870 375621
25870 385596
25870 409753
25870 494100
25870 630872
25870 707188
25870 721816
168352 25870
168352 375621
168352 385596
168352 409753
168352 494100
168352 630872
168352 707188
168352 721816
375621 385596
375621 409753
375621 630872
375621 721816
385596 375621
385596 409753
385596 630872
385596 721816
409753 25870
409753 168352
409753 375621
409753 385596
409753 494100
409753 630872
409753 707188
409753 721816
494100 25870
494100 168352
494100 375621
494100 385596
494100 409753
494100 630872
494100 707188
494100 721816
630872 375621
630872 385596
630872 409753
630872 721816
707188 375621
707188 385596
707188 409753
707188 630872
707188 721816
51 452291
51 870284
870284 452291
53 68843
68843 486980
54 7969
54 51137
54 186973
54 229250
54 341092
54 385358
54 514446
54 535081
54 702975
54 778003
54 801615
51137 54
51137 7969
51137 186973
51137 229250
51137 341092
51137 385358
51137 514446
51137 535081
51137 702975
51137 778003
51137 801615
229250 54
229250 7969
229250 51137
229250 186973
229250 341092
229250 385358
229250 514446
229250 535081
229250 702975
229250 778003
229250 801615
341092 54
341092 7969
341092 51137
341092 186973
341092 229250
341092 385358
341092 514446
341092 535081
341092 702975
341092 778003
341092 801615
385358 54
385358 7969
385358 51137
385358 186973
385358 229250
385358 341092
385358 514446
385358 535081
385358 702975
385358 778003
385358 801615
514446 54
514446 7969
514446 51137
514446 186973
514446 229250
514446 341092
514446 385358
514446 535081
514446 702975
514446 778003
514446 801615
535081 54
535081 7969
535081 51137
535081 186973
535081 229250
535081 341092
535081 385358
535081 514446
535081 702975
535081 778003
535081 801615
702975 54
702975 7969
702975 51137
702975 186973
702975 229250
702975 341092
702975 385358
702975 514446
702975 535081
702975 778003
702975 801615
778003 54
778003 7969
778003 51137
778003 186973
778003 229250
778003 341092
778003 385358
778003 514446
778003 535081
778003 702975
778003 801615
801615 54
801615 7969
801615 51137
801615 186973
801615 229250
801615 341092
801615 385358
801615 514446
801615 535081
801615 702975
801615 778003
56 619109
56 895872
619109 56
619109 895872
895872 56
895872 619109
57 619817
58 162633
58 211547
58 225347
58 268960
58 286373
58 312725
58 402132
58 424266
58 455784
58 486006
58 496670
58 629379
58 629941
58 641484
58 687219
58 725909
58 729910
58 877558
162633 211547
162633 286373
162633 312725
162633 402132
162633 424266
162633 455784
162633 486006
162633 496670
162633 687219
162633 877558
211547 162633
211547 286373
211547 312725
211547 402132
211547 424266
211547 455784
211547 486006
211547 687219
211547 877558
225347 58
225347 162633
225347 211547
225347 268960
225347 286373
225347 312725
225347 402132
225347 424266
225347 455784
225347 486006
225347 629379
225347 629941
225347 641484
225347 687219
225347 725909
225347 729910
225347 877558
286373 162633
286373 211547
286373 312725
286373 402132
286373 424266
286373 455784
286373 486006
286373 496670
286373 687219
286373 877558
312725 162633
312725 211547
312725 286373
312725 402132
312725 424266
312725 455784
312725 486006
312725 496670
312725 687219
312725 877558
424266 162633
424266 211547
424266 286373
424266 312725
424266 402132
424266 455784
424266 486006
424266 496670
424266 687219
424266 877558
455784 162633
455784 211547
455784 286373
455784 312725
455784 402132
455784 424266
455784 486006
455784 496670
455784 687219
455784 877558
486006 162633
486006 211547
486006 286373
486006 312725
486006 402132
486006 424266
486006 455784
486006 687219
486006 877558
496670 162633
496670 211547
496670 286373
496670 312725
496670 402132
496670 424266
496670 455784
496670 486006
496670 687219
496670 877558
629379 58
629379 162633
629379 211547
629379 225347
629379 268960
629379 286373
629379 312725
629379 402132
629379 424266
629379 455784
629379 486006
629379 629941
629379 687219
629379 725909
629379 729910
629379 877558
629941 58
629941 162633
629941 211547
629941 225347
629941 268960
629941 286373
629941 312725
629941 402132
629941 424266
629941 455784
629941 486006
629941 629379
629941 687219
629941 725909
629941 729910
629941 877558
641484 162633
641484 286373
641484 312725
641484 402132
641484 424266
641484 455784
641484 486006
641484 687219
641484 877558
687219 162633
687219 211547
687219 286373
687219 312725
687219 402132
687219 424266
687219 455784
687219 486006
687219 496670
687219 877558
725909 58
725909 162633
725909 211547
725909 225347
725909 268960
725909 286373
725909 312725
725909 402132
725909 424266
725909 455784
725909 486006
725909 629379
725909 629941
725909 687219
725909 729910
725909 877558
729910 58
729910 162633
729910 211547
729910 225347
729910 286373
729910 312725
729910 402132
729910 424266
729910 455784
729910 486006
729910 629379
729910 629941
729910 687219
729910 725909
729910 877558
877558 162633
877558 211547
877558 286373
877558 312725
877558 402132
877558 424266
877558 455784
877558 486006
877558 496670
877558 687219
59 236155
59 476667
59 530002
59 639662
59 858556
236155 639662
476667 236155
476667 530002
476667 639662
530002 236155
530002 639662
639662 236155
639662 530002
639662 858556
858556 59
858556 236155
858556 476667
858556 530002
858556 639662
60 308674
60 362947
60 736699
308674 736699
362947 308674
362947 736699
736699 362947
62 191810
62 325393
62 455181
62 496487
62 635838
62 805946
62 823884
62 837891
62 873588
62 904695
191810 805946
325393 191810
325393 496487
325393 635838
325393 805946
325393 823884
325393 837891
325393 873588
455181 191810
455181 805946
496487 191810
496487 325393
496487 635838
496487 805946
496487 823884
496487 837891
496487 873588
635838 191810
635838 325393
635838 496487
635838 805946
635838 823884
635838 837891
635838 873588
805946 191810
823884 191810
823884 455181
823884 805946
823884 873588
823884 904695
837891 191810
837891 455181
837891 805946
837891 873588
873588 191810
873588 325393
873588 496487
873588 635838
873588 805946
873588 823884
873588 837891
904695 191810
904695 805946
63 43416
63 839683
63 864162
64 21682
64 813327
813327 21682
65 363978
67 911557
67 911764
911557 911764
911764 911557
68 85372
68 286245
68 287318
68 509001
68 653315
68 759364
68 874174
68 885496
68 895388
68 913298
85372 286245
85372 287318
85372 509001
85372 653315
85372 759364
85372 874174
85372 885496
85372 913298
286245 85372
286245 287318
286245 509001
286245 653315
286245 759364
286245 874174
286245 885496
286245 913298
287318 85372
287318 286245
287318 509001
287318 653315
287318 759364
287318 874174
287318 885496
509001 85372
509001 286245
509001 287318
509001 653315
509001 759364
509001 874174
509001 885496
653315 85372
653315 286245
653315 287318
653315 509001
653315 759364
653315 874174
653315 885496
759364 85372
759364 286245
759364 287318
759364 509001
759364 653315
759364 874174
759364 885496
874174 85372
874174 286245
874174 287318
874174 509001
874174 653315
874174 759364
874174 885496
885496 85372
885496 286245
885496 287318
885496 509001
885496 653315
885496 759364
885496 874174
895388 85372
895388 286245
895388 287318
895388 509001
895388 653315
895388 759364
895388 874174
895388 885496
913298 85372
913298 286245
913298 287318
913298 509001
913298 653315
913298 759364
913298 874174
913298 885496
69 666573
69 898951
666573 898951
898951 666573
71 162316
71 167423
71 186908
71 197012
71 228499
71 287762
71 303979
71 356332
71 374743
71 383195
71 402157
71 522020
71 524207
71 596972
71 604497
71 619588
71 657764
71 668223
71 698533
71 705695
71 856127
162316 71
162316 167423
162316 197012
162316 287762
162316 303979
162316 596972
162316 619588
162316 698533
167423 71
167423 287762
167423 596972
167423 619588
186908 71
197012 71
197012 167423
197012 287762
197012 596972
197012 619588
228499 71
228499 186908
228499 522020
228499 524207
228499 596972
228499 604497
228499 619588
228499 705695
228499 856127
287762 71
287762 167423
287762 186908
287762 228499
287762 522020
287762 524207
287762 596972
287762 604497
287762 619588
287762 698533
287762 705695
303979 71
303979 197012
303979 228499
303979 374743
303979 522020
303979 524207
303979 596972
303979 604497
303979 619588
303979 657764
303979 705695
356332 71
356332 167423
356332 287762
356332 383195
356332 596972
356332 619588
356332 657764
356332 668223
356332 705695
374743 71
374743 228499
374743 383195
374743 522020
374743 524207
374743 596972
374743 604497
374743 619588
374743 705695
374743 856127
383195 71
383195 596972
402157 596972
522020 71
522020 228499
522020 303979
522020 374743
522020 524207
522020 596972
522020 604497
522020 619588
522020 705695
522020 856127
524207 71
524207 228499
524207 383195
524207 522020
524207 596972
524207 604497
524207 619588
524207 705695
524207 856127
604497 698533
619588 71
657764 71
657764 162316
657764 167423
657764 197012
657764 287762
657764 356332
657764 383195
657764 596972
657764 604497
657764 619588
657764 698533
657764 856127
668223 71
668223 167423
668223 186908
668223 228499
668223 287762
668223 356332
668223 524207
668223 596972
668223 604497
668223 619588
668223 705695
668223 856127
705695 71
705695 596972
856127 71
856127 167423
856127 287762
856127 596972
856127 619588
73 26122
73 230467
73 284455
73 551066
73 562097
73 572646
73 593636
73 698123
73 729602
73 774715
73 783198
73 844619
26122 230467
26122 284455
26122 551066
26122 572646
26122 593636
26122 698123
26122 783198
230467 26122
230467 284455
230467 551066
230467 572646
230467 593636
230467 698123
230467 783198
284455 230467
284455 551066
284455 562097
284455 572646
284455 593636
284455 698123
284455 729602
284455 783198
551066 26122
551066 230467
551066 284455
551066 562097
551066 572646
551066 593636
551066 698123
551066 783198
551066 844619
562097 73
562097 230467
562097 284455
562097 551066
562097 572646
562097 593636
562097 698123
562097 783198
572646 73
572646 226374
572646 230467
572646 284455
572646 324502
572646 551066
572646 593636
572646 698123
572646 729602
572646 783198
593636 26122
593636 230467
593636 284455
593636 551066
593636 572646
593636 698123
593636 783198
698123 26122
698123 230467
698123 284455
698123 551066
698123 562097
698123 572646
698123 593636
698123 729602
698123 774715
698123 783198
698123 844619
729602 73
729602 230467
729602 284455
729602 551066
729602 572646
729602 593636
729602 698123
729602 783198
774715 698123
783198 26122
783198 230467
783198 284455
783198 551066
783198 572646
783198 593636
783198 698123
783198 729602
844619 698123
74 25293
74 80625
74 180386
74 226374
74 288377
74 362529
74 383198
74 571442
74 727588
74 859848
74 880658
25293 226374
80625 74
80625 180386
80625 226374
80625 288377
80625 383198
80625 571442
80625 727588
80625 859848
180386 74
180386 80625
180386 226374
180386 288377
180386 383198
180386 571442
180386 727588
180386 859848
288377 226374
362529 226374
383198 74
383198 80625
383198 180386
383198 226374
383198 288377
383198 571442
383198 727588
383198 859848
571442 226374
571442 288377
727588 74
727588 80625
727588 180386
727588 226374
727588 288377
727588 383198
727588 571442
727588 859848
859848 74
859848 80625
859848 180386
859848 226374
859848 288377
859848 383198
859848 571442
859848 727588
880658 226374
76 99585
76 163075
76 410616
76 540981
76 588614
76 591684
76 601010
76 831420
76 867106
99585 163075
99585 588614
99585 831420
410616 163075
410616 588614
410616 831420
540981 76
540981 163075
540981 588614
540981 831420
588614 163075
588614 831420
591684 163075
591684 588614
591684 831420
601010 163075
601010 588614
601010 831420
831420 163075
867106 163075
867106 588614
867106 831420
77 596972
77 636781
636781 77
636781 596972
78 201303
78 252752
78 369096
78 533825
78 566645
78 664116
78 867684
78 901572
201303 78
201303 566645
201303 867684
252752 78
369096 78
901572 78
79 59004
79 132769
79 191990
79 216188
79 225950
79 320030
79 472531
79 542323
79 548392
79 564740
79 593541
79 684191
79 703547
79 709644
79 749759
79 761601
79 819977
79 841920
79 866638
59004 132769
59004 191990
59004 216188
59004 225950
59004 320030
59004 472531
59004 542323
59004 548392
59004 564740
59004 593541
59004 684191
59004 703547
59004 709644
59004 761601
59004 819977
59004 841920
59004 866638
132769 59004
132769 191990
132769 216188
132769 225950
132769 320030
132769 472531
132769 542323
132769 548392
132769 564740
132769 593541
132769 684191
132769 703547
132769 709644
132769 761601
132769 819977
132769 841920
132769 866638
216188 59004
216188 132769
216188 191990
216188 225950
216188 320030
216188 472531
216188 542323
216188 548392
216188 564740
216188 593541
216188 684191
216188 703547
216188 709644
216188 761601
216188 819977
216188 841920
216188 866638
225950 59004
225950 132769
225950 191990
225950 216188
225950 320030
225950 472531
225950 542323
225950 548392
225950 564740
225950 593541
225950 684191
225950 703547
225950 709644
225950 761601
225950 819977
225950 841920
225950 866638
320030 59004
320030 132769
320030 191990
320030 216188
320030 225950
320030 472531
320030 542323
320030 548392
320030 564740
320030 593541
320030 684191
320030 703547
320030 709644
320030 761601
320030 819977
320030 841920
320030 866638
472531 59004
472531 132769
472531 191990
472531 216188
472531 225950
472531 320030
472531 542323
472531 548392
472531 564740
472531 593541
472531 684191
472531 703547
472531 709644
472531 761601
472531 819977
472531 841920
472531 866638
542323 59004
542323 132769
542323 191990
542323 216188
542323 225950
542323 320030
542323 472531
542323 548392
542323 564740
542323 593541
542323 684191
542323 703547
542323 709644
542323 761601
542323 819977
542323 841920
542323 866638
548392 59004
548392 132769
548392 191990
548392 216188
548392 225950
548392 320030
548392 472531
548392 542323
548392 564740
548392 593541
548392 684191
548392 703547
548392 709644
548392 761601
548392 819977
548392 841920
548392 866638
564740 59004
564740 132769
564740 191990
564740 216188
564740 225950
564740 320030
564740 472531
564740 542323
564740 548392
564740 593541
564740 684191
564740 703547
564740 709644
564740 761601
564740 819977
564740 841920
564740 866638
593541 59004
593541 132769
593541 191990
593541 216188
593541 225950
593541 320030
593541 472531
593541 542323
593541 548392
593541 564740
593541 684191
593541 703547
593541 709644
593541 761601
593541 819977
593541 841920
593541 866638
684191 59004
684191 132769
684191 191990
684191 216188
684191 225950
684191 320030
684191 472531
684191 542323
684191 548392
684191 564740
684191 593541
684191 703547
684191 709644
684191 761601
684191 819977
684191 841920
684191 866638
703547 59004
703547 132769
703547 191990
703547 216188
703547 225950
703547 320030
703547 472531
703547 542323
703547 548392
703547 564740
703547 593541
703547 684191
703547 709644
703547 761601
703547 819977
703547 841920
703547 866638
709644 59004
709644 132769
709644 191990
709644 216188
709644 225950
709644 320030
709644 472531
709644 542323
709644 548392
709644 564740
709644 593541
709644 684191
709644 703547
709644 761601
709644 819977
709644 841920
709644 866638
749759 59004
749759 132769
749759 191990
749759 216188
749759 225950
749759 320030
749759 472531
749759 542323
749759 548392
749759 564740
749759 593541
749759 684191
749759 703547
749759 709644
749759 761601
749759 819977
749759 841920
749759 866638
761601 59004
761601 132769
761601 191990
761601 216188
761601 225950
761601 320030
761601 472531
761601 542323
761601 548392
761601 564740
761601 593541
761601 684191
761601 703547
761601 709644
761601 819977
761601 841920
761601 866638
819977 191990
841920 59004
841920 132769
841920 191990
841920 216188
841920 225950
841920 320030
841920 472531
841920 542323
841920 548392
841920 564740
841920 593541
841920 684191
841920 703547
841920 709644
841920 761601
841920 819977
841920 866638
866638 59004
866638 132769
866638 191990
866638 216188
866638 225950
866638 320030
866638 472531
866638 542323
866638 548392
866638 564740
866638 684191
866638 703547
866638 709644
866638 761601
866638 819977
866638 841920
81 231757
82 279176
82 630850
82 650279
279176 82
279176 630850
279176 650279
630850 82
630850 279176
630850 650279
650279 82
650279 279176
650279 630850
83 335098
335098 525713
84 101006
84 147162
84 262316
84 325667
84 772466
84 799322
84 859399
84 908356
101006 147162
101006 262316
101006 325667
101006 799322
101006 859399
147162 101006
147162 262316
147162 325667
147162 772466
147162 799322
147162 859399
262316 101006
262316 147162
262316 325667
262316 772466
262316 799322
262316 859399
325667 101006
325667 772466
799322 101006
799322 147162
799322 262316
799322 325667
799322 772466
799322 859399
859399 84
859399 60543
859399 101006
859399 147162
859399 262316
859399 325667
859399 772466
859399 799322
908356 101006
908356 147162
908356 772466
85 17093
85 29338
85 43515
85 80527
85 102669
85 105956
85 109485
85 224718
85 265669
85 302064
85 302564
85 357073
85 382911
85 444796
85 593321
85 622842
85 683587
85 702328
85 759848
85 801074
85 809163
85 906432
85 909528
85 914056
17093 85
17093 29338
17093 43515
17093 80527
17093 102669
17093 105956
17093 109485
17093 302064
17093 444796
17093 906432
29338 85
29338 17093
29338 43515
29338 80527
29338 102669
29338 105956
29338 109485
29338 302064
29338 444796
29338 906432
43515 85
43515 17093
43515 29338
43515 80527
43515 102669
43515 105956
43515 109485
43515 302064
43515 444796
43515 906432
80527 85
80527 17093
80527 29338
80527 43515
80527 102669
80527 105956
80527 109485
80527 302064
80527 444796
80527 906432
102669 85
102669 17093
102669 29338
102669 43515
102669 80527
102669 105956
102669 109485
102669 302064
102669 444796
102669 906432
105956 85
105956 17093
105956 29338
105956 43515
105956 80527
105956 102669
105956 109485
105956 302064
105956 444796
105956 906432
109485 85
109485 17093
109485 29338
109485 43515
109485 80527
109485 102669
109485 105956
109485 302064
109485 444796
109485 906432
224718 85
224718 265669
224718 302564
224718 357073
224718 382911
224718 593321
224718 622842
224718 683587
224718 702328
224718 759848
224718 801074
224718 909528
224718 914056
265669 85
265669 224718
265669 302564
265669 357073
265669 382911
265669 593321
265669 622842
265669 683587
265669 702328
265669 759848
265669 801074
265669 909528
265669 914056
302064 85
302064 17093
302064 29338
302064 43515
302064 80527
302064 102669
302064 105956
302064 109485
302064 444796
302064 906432
302564 85
302564 224718
302564 265669
302564 357073
302564 382911
302564 593321
302564 622842
302564 683587
302564 702328
302564 759848
302564 801074
302564 909528
302564 914056
357073 85
357073 224718
357073 265669
357073 302564
357073 382911
357073 593321
357073 622842
357073 683587
357073 702328
357073 759848
357073 801074
357073 909528
357073 914056
382911 85
382911 224718
382911 265669
382911 302564
382911 357073
382911 593321
382911 622842
382911 683587
382911 702328
382911 759848
382911 801074
382911 909528
382911 914056
444796 85
444796 17093
444796 29338
444796 43515
444796 80527
444796 105956
444796 109485
444796 302064
444796 906432
593321 85
593321 224718
593321 265669
593321 302564
593321 357073
593321 382911
593321 622842
593321 683587
593321 702328
593321 759848
593321 801074
593321 909528
593321 914056
622842 85
622842 224718
622842 265669
622842 302564
622842 357073
622842 382911
622842 593321
622842 683587
622842 702328
622842 759848
622842 801074
622842 909528
622842 914056
683587 85
683587 224718
683587 265669
683587 302564
683587 357073
683587 382911
683587 593321
683587 622842
683587 702328
683587 759848
683587 801074
683587 909528
683587 914056
702328 85
702328 224718
702328 265669
702328 302564
702328 357073
702328 382911
702328 593321
702328 622842
702328 683587
702328 759848
702328 801074
702328 909528
702328 914056
759848 85
759848 224718
759848 265669
759848 302564
759848 357073
759848 382911
759848 593321
759848 622842
759848 683587
759848 702328
759848 801074
759848 909528
759848 914056
801074 85
801074 224718
801074 265669
801074 302564
801074 357073
801074 382911
801074 593321
801074 622842
801074 683587
801074 702328
801074 759848
801074 909528
801074 914056
809163 85
809163 17093
809163 29338
809163 43515
809163 80527
809163 102669
809163 105956
809163 109485
809163 224718
809163 302064
809163 302564
809163 357073
809163 382911
809163 444796
809163 593321
809163 622842
809163 683587
809163 702328
809163 759848
809163 801074
809163 906432
809163 909528
809163 914056
906432 85
906432 17093
906432 29338
906432 43515
906432 80527
906432 102669
906432 105956
906432 109485
906432 302064
906432 444796
909528 85
909528 224718
909528 265669
909528 302564
909528 357073
909528 382911
909528 593321
909528 622842
909528 683587
909528 702328
909528 759848
909528 801074
909528 914056
914056 85
914056 224718
914056 265669
914056 302564
914056 357073
914056 382911
914056 593321
914056 622842
914056 683587
914056 702328
914056 759848
914056 801074
914056 909528
86 217042
86 669381
669381 217042
87 206333
87 479240
87 845230
206333 87
206333 479240
206333 845230
479240 206333
479240 845230
845230 479240
88 95977
88 664679
88 707034
88 734679
88 828466
88 838295
88 841927
88 871379
88 899064
95977 88
95977 664679
95977 707034
95977 828466
95977 838295
95977 841927
95977 899064
664679 88
664679 95977
664679 707034
664679 828466
664679 838295
664679 841927
664679 871379
664679 899064
707034 88
707034 95977
707034 664679
707034 828466
707034 838295
707034 841927
707034 871379
707034 899064
734679 88
734679 95977
734679 664679
734679 707034
734679 828466
734679 838295
734679 841927
734679 899064
828466 88
828466 95977
828466 664679
828466 707034
828466 838295
828466 841927
828466 871379
828466 899064
838295 88
838295 95977
838295 664679
838295 707034
838295 828466
838295 841927
838295 899064
841927 88
841927 95977
841927 664679
841927 707034
841927 828466
841927 838295
841927 899064
899064 88
899064 95977
899064 664679
899064 707034
899064 734679
899064 828466
899064 838295
899064 841927
89 19476
89 102352
89 133304
89 262769
89 281033
89 345509
89 379675
89 411227
89 452525
89 536428
89 580836
89 637590
89 671110
89 740951
89 749138
89 817585
89 849752
89 854120
19476 89
19476 21682
19476 102352
19476 133304
19476 163075
19476 185067
19476 262769
19476 281033
19476 345509
19476 379675
19476 402132
19476 411227
19476 452525
19476 558791
19476 580836
19476 637590
19476 671110
19476 687325
19476 740951
19476 749138
19476 772466
19476 818382
19476 849752
19476 854120
102352 133304
102352 345509
102352 411227
102352 452525
102352 580836
102352 671110
102352 854120
133304 102352
133304 345509
133304 411227
133304 452525
133304 580836
133304 671110
133304 854120
262769 89
262769 19476
262769 102352
262769 133304
262769 281033
262769 345509
262769 379675
262769 411227
262769 452525
262769 580836
262769 637590
262769 671110
262769 740951
262769 749138
262769 849752
262769 854120
262769 908351
281033 89
281033 19476
281033 102352
281033 133304
281033 262769
281033 345509
281033 379675
281033 411227
281033 452525
281033 580836
281033 637590
281033 671110
281033 740951
281033 749138
281033 849752
281033 854120
345509 89
345509 19476
345509 102352
345509 133304
345509 262769
345509 281033
345509 379675
345509 411227
345509 452525
345509 580836
345509 637590
345509 671110
345509 740951
345509 749138
345509 849752
345509 854120
345509 908351
379675 89
379675 19476
379675 102352
379675 133304
379675 262769
379675 281033
379675 345509
379675 411227
379675 452525
379675 580836
379675 637590
379675 671110
379675 740951
379675 749138
379675 849752
379675 854120
411227 102352
411227 133304
411227 345509
411227 452525
411227 580836
411227 671110
411227 854120
452525 102352
452525 133304
452525 345509
452525 411227
452525 580836
452525 671110
452525 854120
580836 102352
580836 133304
580836 345509
580836 411227
580836 452525
580836 671110
580836 854120
637590 89
637590 19476
637590 102352
637590 133304
637590 262769
637590 281033
637590 345509
637590 379675
637590 411227
637590 452525
637590 580836
637590 671110
637590 740951
637590 749138
637590 849752
637590 854120
671110 102352
671110 133304
671110 345509
671110 411227
671110 452525
671110 580836
671110 854120
740951 89
740951 19476
740951 102352
740951 133304
740951 262769
740951 281033
740951 345509
740951 379675
740951 411227
740951 452525
740951 580836
740951 637590
740951 671110
740951 749138
740951 849752
740951 854120
749138 89
749138 19476
749138 102352
749138 133304
749138 262769
749138 281033
749138 345509
749138 379675
749138 411227
749138 452525
749138 580836
749138 637590
749138 671110
749138 740951
749138 849752
749138 854120
849752 89
849752 19476
849752 102352
849752 133304
849752 262769
849752 281033
849752 345509
849752 379675
849752 411227
849752 452525
849752 580836
849752 637590
849752 671110
849752 740951
849752 749138
849752 854120
854120 102352
854120 133304
854120 345509
854120 411227
854120 452525
854120 580836
854120 671110
90 40573
90 87778
90 152376
90 157076
90 236583
90 336174
90 481608
90 487229
90 496029
90 532139
90 561434
90 620065
90 642997
90 682094
90 695805
90 721816
90 797941
90 821423
90 857520
40573 90
40573 87778
40573 152376
40573 157076
40573 236583
40573 336174
40573 481608
40573 487229
40573 496029
40573 532139
40573 561434
40573 620065
40573 642997
40573 682094
40573 695805
40573 721816
40573 797941
40573 821423
40573 857520
87778 90
87778 40573
87778 152376
87778 157076
87778 236583
87778 336174
87778 481608
87778 487229
87778 496029
87778 532139
87778 561434
87778 620065
87778 642997
87778 682094
87778 695805
87778 721816
87778 797941
87778 821423
87778 857520
152376 90
152376 40573
152376 87778
152376 157076
152376 236583
152376 336174
152376 481608
152376 487229
152376 496029
152376 532139
152376 561434
152376 620065
152376 642997
152376 682094
152376 695805
152376 721816
152376 797941
152376 821423
152376 857520
157076 90
157076 40573
157076 87778
157076 152376
157076 236583
157076 336174
157076 481608
157076 487229
157076 496029
157076 532139
157076 561434
157076 620065
157076 642997
157076 682094
157076 695805
157076 721816
157076 797941
157076 821423
157076 857520
236583 90
236583 40573
236583 87778
236583 152376
236583 157076
236583 336174
236583 481608
236583 487229
236583 496029
236583 532139
236583 561434
236583 620065
236583 642997
236583 682094
236583 695805
236583 721816
236583 797941
236583 821423
236583 857520
336174 90
336174 40573
336174 87778
336174 152376
336174 157076
336174 236583
336174 481608
336174 487229
336174 496029
336174 532139
336174 561434
336174 620065
336174 642997
336174 682094
336174 695805
336174 721816
336174 797941
336174 821423
336174 857520
481608 90
481608 40573
481608 87778
481608 152376
481608 157076
481608 236583
481608 336174
481608 487229
481608 496029
481608 532139
481608 561434
481608 620065
481608 642997
481608 682094
481608 695805
481608 721816
481608 797941
481608 821423
481608 857520
487229 90
487229 40573
487229 87778
487229 152376
487229 157076
487229 236583
487229 336174
487229 481608
487229 496029
487229 532139
487229 561434
487229 620065
487229 642997
487229 682094
487229 695805
487229 721816
487229 797941
487229 821423
487229 857520
496029 90
496029 40573
496029 87778
496029 152376
496029 157076
496029 236583
496029 336174
496029 481608
496029 487229
496029 532139
496029 561434
496029 620065
496029 642997
496029 682094
496029 695805
496029 721816
496029 797941
496029 821423
496029 857520
532139 90
532139 40573
532139 87778
532139 152376
532139 157076
532139 236583
532139 336174
532139 481608
532139 487229
532139 496029
532139 561434
532139 620065
532139 642997
532139 682094
532139 695805
532139 721816
532139 797941
532139 821423
532139 857520
561434 90
561434 40573
561434 87778
561434 152376
561434 157076
561434 236583
561434 336174
561434 481608
561434 487229
561434 496029
561434 532139
561434 620065
561434 642997
561434 682094
561434 695805
561434 721816
561434 797941
561434 821423
561434 857520
620065 90
620065 40573
620065 87778
620065 152376
620065 157076
620065 236583
620065 336174
620065 481608
620065 487229
620065 496029
620065 532139
620065 561434
620065 642997
620065 682094
620065 695805
620065 721816
620065 797941
620065 821423
620065 857520
642997 90
642997 40573
642997 87778
642997 152376
642997 157076
642997 236583
642997 336174
642997 481608
642997 487229
642997 496029
642997 532139
642997 561434
642997 620065
642997 682094
642997 695805
642997 721816
642997 797941
642997 821423
642997 857520
682094 90
682094 40573
682094 87778
682094 152376
682094 157076
682094 236583
682094 336174
682094 481608
682094 487229
682094 496029
682094 532139
682094 561434
682094 620065
682094 642997
682094 695805
682094 721816
682094 797941
682094 821423
682094 857520
695805 90
695805 40573
695805 87778
695805 152376
695805 157076
695805 236583
695805 336174
695805 481608
695805 487229
695805 496029
695805 532139
695805 561434
695805 620065
695805 642997
695805 682094
695805 721816
695805 797941
695805 821423
695805 857520
797941 90
797941 40573
797941 87778
797941 152376
797941 157076
797941 236583
797941 336174
797941 481608
797941 487229
797941 496029
797941 532139
797941 561434
797941 620065
797941 642997
797941 682094
797941 695805
797941 721816
797941 821423
797941 857520
821423 90
821423 40573
821423 87778
821423 152376
821423 157076
821423 236583
821423 336174
821423 481608
821423 487229
821423 496029
821423 532139
821423 561434
821423 620065
821423 642997
821423 682094
821423 695805
821423 721816
821423 797941
821423 857520
857520 90
857520 40573
857520 87778
857520 152376
857520 157076
857520 236583
857520 336174
857520 481608
857520 487229
857520 496029
857520 532139
857520 561434
857520 620065
857520 642997
857520 682094
857520 695805
857520 721816
857520 797941
857520 821423
91 106655
91 261111
91 463076
91 551291
91 557117
91 638384
91 769098
91 878156
91 878490
106655 91
106655 261111
106655 463076
106655 551291
106655 557117
106655 638384
106655 769098
106655 878156
106655 878490
261111 91
261111 106655
261111 463076
261111 551291
261111 557117
261111 638384
261111 769098
261111 878156
261111 878490
463076 91
463076 106655
463076 261111
463076 551291
463076 557117
463076 638384
463076 769098
463076 878156
463076 878490
551291 91
551291 106655
551291 261111
551291 463076
551291 557117
551291 638384
551291 769098
551291 878156
551291 878490
557117 91
557117 106655
557117 261111
557117 463076
557117 551291
557117 638384
557117 769098
557117 878156
557117 878490
638384 91
638384 106655
638384 261111
638384 463076
638384 551291
638384 557117
638384 769098
638384 878156
638384 878490
769098 91
769098 106655
769098 261111
769098 463076
769098 551291
769098 557117
769098 638384
769098 878156
769098 878490
878156 91
878156 106655
878156 261111
878156 463076
878156 551291
878156 557117
878156 638384
878156 769098
878156 878490
878490 91
878490 106655
878490 261111
878490 463076
878490 551291
878490 557117
878490 638384
878490 769098
878490 878156
93 118294
93 189575
93 504140
93 912352
118294 504140
189575 93
189575 118294
189575 504140
912352 93
912352 118294
912352 504140
94 56829
94 60543
94 103454
94 159782
94 220254
94 274403
94 311642
94 483657
94 583361
94 662954
94 772466
94 776354
94 801352
56829 60543
56829 772466
56829 801352
60543 772466
103454 60543
103454 772466
159782 60543
159782 772466
220254 60543
220254 772466
274403 60543
274403 772466
311642 60543
311642 772466
483657 60543
483657 772466
583361 60543
583361 772466
662954 60543
662954 772466
776354 60543
776354 772466
801352 60543
801352 772466
95 164036
95 213686
95 221648
95 240514
95 285814
95 339858
95 373025
95 476171
164036 285814
213686 95
213686 240514
213686 285814
240514 95
240514 213686
240514 285814
285814 95
285814 164036
285814 213686
285814 240514
285814 373025
373025 285814
476171 95
96 27924
96 68439
96 148036
96 157509
96 179042
96 199839
96 207535
96 380727
96 444873
96 445593
96 466390
96 483570
96 505631
96 651929
96 733683
96 783215
96 807567
96 896419
27924 96
27924 148036
27924 179042
27924 199839
27924 896419
68439 27924
68439 148036
68439 179042
68439 199839
68439 896419
148036 96
148036 27924
148036 179042
148036 199839
148036 207535
148036 505631
148036 807567
148036 896419
157509 27924
157509 148036
157509 179042
157509 199839
157509 896419
179042 27924
179042 148036
179042 199839
179042 896419
199839 27924
199839 148036
199839 179042
199839 896419
207535 27924
207535 148036
207535 179042
207535 199839
207535 896419
380727 27924
380727 148036
380727 179042
380727 199839
380727 896419
444873 27924
444873 148036
444873 179042
444873 199839
444873 783215
444873 896419
445593 27924
445593 148036
445593 179042
445593 199839
445593 896419
466390 27924
466390 148036
466390 179042
466390 199839
466390 896419
483570 27924
483570 148036
483570 179042
483570 199839
483570 896419
505631 27924
505631 148036
505631 179042
505631 199839
505631 896419
651929 27924
651929 148036
651929 179042
651929 199839
651929 896419
733683 27924
733683 148036
733683 179042
733683 199839
733683 896419
783215 27924
783215 68439
783215 148036
783215 179042
783215 199839
783215 444873
783215 733683
783215 896419
807567 27924
807567 148036
807567 179042
807567 199839
807567 896419
896419 96
896419 27924
896419 148036
896419 199839
97 434133
97 504140
99 335098
99 525713
99 708467
99 729831
99 751408
99 852547
751408 99
751408 708467
751408 729831
101 132198
101 150432
101 242339
101 297892
101 331855
101 482167
101 505991
101 676971
101 677084
101 901704
132198 150432
132198 242339
132198 297892
132198 331855
132198 482167
132198 505991
132198 676971
132198 677084
132198 901704
150432 132198
150432 242339
150432 297892
150432 331855
150432 482167
150432 505991
150432 676971
150432 677084
150432 901704
242339 132198
242339 150432
242339 297892
242339 331855
242339 482167
242339 505991
242339 676971
242339 677084
242339 901704
297892 132198
297892 150432
297892 242339
297892 331855
297892 482167
297892 505991
297892 676971
297892 677084
297892 901704
331855 132198
331855 150432
331855 242339
331855 297892
331855 482167
331855 505991
331855 676971
331855 677084
331855 901704
482167 132198
482167 150432
482167 242339
482167 297892
482167 331855
482167 505991
482167 676971
482167 677084
482167 901704
505991 132198
505991 150432
505991 242339
505991 297892
505991 331855
505991 482167
505991 676971
505991 677084
505991 901704
676971 101
676971 132198
676971 150432
676971 242339
676971 297892
676971 331855
676971 482167
676971 505991
676971 677084
676971 901704
901704 132198
901704 150432
901704 242339
901704 297892
901704 331855
901704 482167
901704 505991
901704 676971
901704 677084
102 493731
102 590960
102 735590
102 769753
493731 102
493731 590960
493731 735590
493731 769753
590960 102
590960 493731
590960 735590
590960 769753
735590 102
735590 493731
735590 590960
735590 769753
769753 102
769753 493731
769753 590960
769753 735590
103 142218
103 336700
103 623548
103 720240
103 821098
103 840920
142218 103
142218 173976
142218 336700
142218 623548
142218 821098
336700 142218
336700 623548
336700 821098
623548 142218
623548 336700
623548 821098
821098 142218
821098 336700
821098 623548
840920 173976
105 452802
105 550365
105 715883
105 915376
452802 105
452802 550365
452802 715883
452802 915376
550365 452802
550365 715883
550365 915376
915376 550365
106 46965
106 177313
106 230899
106 270657
106 324502
106 368492
106 426196
106 447743
106 489415
106 492644
106 512496
106 587644
106 625517
106 657800
106 721961
106 763903
106 884459
106 909643
106 911932
46965 106
46965 177313
46965 230899
46965 324502
46965 368492
46965 447743
46965 489415
46965 492644
46965 587644
46965 625517
46965 657800
46965 884459
46965 909643
177313 106
177313 46965
177313 230899
177313 324502
177313 368492
177313 447743
177313 489415
177313 492644
177313 587644
177313 625517
177313 657800
177313 884459
177313 909643
230899 106
230899 46965
230899 177313
230899 324502
230899 368492
230899 447743
230899 489415
230899 492644
230899 587644
230899 625517
230899 657800
230899 763903
230899 884459
230899 909643
230899 911932
270657 106
270657 46965
270657 177313
270657 230899
270657 324502
270657 368492
270657 447743
270657 489415
270657 492644
270657 587644
270657 625517
270657 657800
270657 721961
270657 763903
270657 884459
270657 909643
368492 106
368492 46965
368492 177313
368492 230899
368492 324502
368492 447743
368492 489415
368492 492644
368492 587644
368492 625517
368492 657800
368492 884459
368492 909643
426196 106
426196 46965
426196 177313
426196 230899
426196 324502
426196 368492
426196 447743
426196 489415
426196 492644
426196 512496
426196 587644
426196 625517
426196 657800
426196 721961
426196 763903
426196 884459
426196 909643
426196 911932
447743 106
447743 46965
447743 177313
447743 230899
447743 324502
447743 368492
447743 489415
447743 492644
447743 587644
447743 625517
447743 657800
447743 884459
447743 909643
489415 106
489415 46965
489415 177313
489415 230899
489415 324502
489415 368492
489415 447743
489415 492644
489415 587644
489415 625517
489415 657800
489415 884459
489415 909643
492644 106
492644 46965
492644 177313
492644 230899
492644 270657
492644 324502
492644 368492
492644 447743
492644 489415
492644 587644
492644 625517
492644 657800
492644 721961
492644 763903
492644 884459
492644 909643
492644 911932
512496 324502
512496 447743
512496 489415
512496 587644
512496 721961
512496 763903
512496 909643
512496 911932
587644 106
587644 46965
587644 177313
587644 230899
587644 324502
587644 368492
587644 447743
587644 489415
587644 492644
587644 625517
587644 657800
587644 763903
587644 884459
587644 909643
587644 911932
625517 106
625517 46965
625517 177313
625517 230899
625517 324502
625517 368492
625517 447743
625517 489415
625517 492644
625517 587644
625517 657800
625517 884459
625517 909643
657800 324502
657800 447743
657800 489415
657800 587644
657800 909643
721961 106
721961 324502
721961 426196
721961 447743
721961 489415
721961 512496
721961 587644
721961 763903
721961 909643
721961 911932
763903 106
763903 46965
763903 177313
763903 230899
763903 324502
763903 368492
763903 447743
763903 489415
763903 587644
763903 625517
763903 657800
763903 721961
763903 884459
763903 909643
884459 106
884459 46965
884459 177313
884459 230899
884459 324502
884459 368492
884459 447743
884459 489415
884459 492644
884459 587644
884459 625517
884459 657800
884459 721961
884459 909643
884459 911932
909643 106
909643 46965
909643 177313
909643 230899
909643 270657
909643 324502
909643 368492
909643 447743
909643 489415
909643 492644
909643 512496
909643 587644
909643 625517
909643 657800
909643 721961
909643 763903
909643 884459
909643 911932
911932 106
911932 46965
911932 177313
911932 230899
911932 324502
911932 368492
911932 447743
911932 489415
911932 492644
911932 587644
911932 625517
911932 657800
911932 909643
107 158812
107 321772
107 350590
107 357339
107 479581
107 861157
107 897146
107 913640
158812 107
158812 350590
158812 357339
158812 479581
158812 861157
158812 897146
158812 913640
321772 107
321772 158812
321772 350590
321772 357339
321772 479581
321772 861157
321772 897146
321772 913640
350590 107
350590 158812
350590 321772
350590 357339
350590 479581
350590 861157
350590 897146
350590 913640
357339 107
357339 158812
357339 350590
357339 479581
357339 861157
357339 897146
357339 913640
479581 107
479581 158812
479581 350590
479581 357339
479581 861157
479581 897146
479581 913640
861157 107
861157 158812
861157 321772
861157 350590
861157 357339
861157 479581
861157 897146
861157 913640
897146 107
897146 158812
897146 350590
897146 357339
897146 479581
897146 861157
897146 913640
913640 107
913640 158812
913640 350590
913640 357339
913640 479581
913640 861157
913640 897146
108 101821
108 303790
108 540930
108 574730
108 596374
101821 108
101821 303790
101821 540930
101821 574730
101821 596374
303790 108
303790 101821
303790 540930
303790 574730
303790 596374
540930 108
540930 101821
540930 303790
540930 574730
540930 596374
574730 108
574730 101821
574730 303790
574730 540930
574730 596374
596374 108
596374 101821
596374 303790
596374 540930
596374 574730
109 817585
110 6345
110 12976
110 79168
110 114401
110 162345
110 201187
110 246187
110 292327
110 297478
110 324763
110 360463
110 369227
110 393160
110 500522
110 530015
110 532398
110 673406
110 690788
110 705657
110 725879
110 822200
110 828963
6345 110
6345 79168
6345 114401
6345 162345
6345 246187
6345 324763
6345 360463
6345 369227
6345 393160
6345 500522
6345 532398
6345 690788
6345 705657
6345 725879
6345 828963
79168 6345
79168 114401
79168 324763
79168 369227
79168 393160
79168 532398
79168 690788
79168 705657
79168 828963
114401 6345
114401 79168
114401 297478
114401 324763
114401 369227
114401 393160
114401 530015
114401 532398
114401 690788
114401 705657
114401 828963
162345 110
162345 6345
162345 79168
162345 114401
162345 246187
162345 324763
162345 360463
162345 369227
162345 393160
162345 500522
162345 532398
162345 690788
162345 705657
162345 725879
162345 828963
201187 828963
246187 110
246187 6345
246187 79168
246187 114401
246187 162345
246187 324763
246187 360463
246187 369227
246187 393160
246187 500522
246187 532398
246187 690788
246187 705657
246187 725879
246187 828963
324763 6345
324763 79168
324763 114401
324763 369227
324763 393160
324763 530015
324763 532398
324763 690788
324763 705657
324763 828963
360463 110
360463 6345
360463 79168
360463 114401
360463 162345
360463 246187
360463 324763
360463 369227
360463 393160
360463 500522
360463 532398
360463 690788
360463 705657
360463 725879
360463 828963
369227 6345
369227 79168
369227 114401
369227 324763
369227 393160
369227 532398
369227 690788
369227 705657
369227 828963
393160 705657
393160 828963
500522 110
500522 6345
500522 79168
500522 114401
500522 162345
500522 246187
500522 324763
500522 360463
500522 369227
500522 393160
500522 532398
500522 690788
500522 705657
500522 725879
500522 828963
530015 705657
530015 828963
532398 110
532398 6345
532398 79168
532398 114401
532398 162345
532398 246187
532398 324763
532398 360463
532398 369227
532398 393160
532398 500522
532398 690788
532398 705657
532398 725879
532398 828963
690788 6345
690788 79168
690788 114401
690788 324763
690788 369227
690788 393160
690788 532398
690788 705657
690788 828963
705657 828963
725879 110
725879 6345
725879 79168
725879 114401
725879 162345
725879 246187
725879 324763
725879 360463
725879 369227
725879 393160
725879 500522
725879 532398
725879 690788
725879 705657
725879 828963
822200 12976
822200 292327
822200 828963
828963 822200
