0 11342
0 824020
0 867923
0 891835
11342 0
11342 867923
11342 891835
824020 0
824020 867923
824020 891835
867923 0
867923 11342
867923 891835
891835 0
891835 11342
891835 867923
1 203402
1 223236
1 276233
1 552600
1 569212
1 635575
1 748615
1 862566
1 893884
203402 1
203402 223236
203402 276233
203402 552600
203402 569212
203402 635575
203402 748615
203402 862566
203402 893884
276233 1
276233 203402
276233 223236
276233 552600
276233 569212
276233 635575
276233 748615
276233 862566
276233 893884
552600 1
552600 203402
552600 223236
552600 276233
552600 569212
552600 635575
552600 748615
552600 862566
552600 893884
569212 1
569212 203402
569212 223236
569212 276233
569212 552600
569212 635575
569212 748615
569212 862566
569212 893884
635575 203402
635575 223236
635575 276233
635575 552600
635575 569212
635575 748615
635575 862566
635575 893884
748615 1
748615 203402
748615 223236
748615 276233
748615 552600
748615 569212
748615 635575
748615 862566
748615 893884
862566 1
862566 203402
862566 223236
862566 276233
862566 552600
862566 569212
862566 635575
862566 748615
862566 893884
893884 203402
893884 223236
893884 276233
893884 552600
893884 569212
893884 635575
893884 748615
893884 862566
2 30957
2 357310
2 423174
2 430119
2 462435
2 472889
2 565424
2 581609
2 597621
2 644135
2 858904
30957 2
30957 357310
30957 423174
30957 430119
30957 462435
30957 472889
30957 565424
30957 581609
30957 597621
30957 644135
30957 858904
357310 2
357310 30957
357310 423174
357310 430119
357310 462435
357310 472889
357310 565424
357310 581609
357310 597621
357310 644135
357310 858904
423174 2
423174 30957
423174 357310
423174 430119
423174 462435
423174 472889
423174 565424
423174 581609
423174 597621
423174 644135
423174 858904
430119 2
430119 30957
430119 357310
430119 423174
430119 462435
430119 472889
430119 565424
430119 581609
430119 597621
430119 644135
430119 858904
462435 2
462435 30957
462435 357310
462435 423174
462435 430119
462435 472889
462435 565424
462435 581609
462435 597621
462435 644135
462435 858904
472889 2
472889 30957
472889 357310
472889 423174
472889 430119
472889 462435
472889 565424
472889 581609
472889 597621
472889 644135
472889 858904
565424 2
565424 30957
565424 357310
565424 423174
565424 430119
565424 462435
565424 472889
565424 581609
565424 597621
565424 644135
565424 858904
581609 2
581609 30957
581609 357310
581609 423174
581609 430119
581609 462435
581609 472889
581609 565424
581609 597621
581609 644135
581609 858904
644135 2
644135 30957
644135 357310
644135 423174
644135 430119
644135 462435
644135 472889
644135 565424
644135 581609
644135 597621
644135 858904
858904 2
858904 30957
858904 357310
858904 423174
858904 430119
858904 462435
858904 472889
858904 565424
858904 581609
858904 597621
858904 644135
4 44695
4 62391
4 79146
4 173976
4 670449
4 746182
4 795253
44695 4
44695 62391
44695 79146
44695 173976
44695 670449
44695 746182
44695 795253
62391 4
62391 44695
62391 79146
62391 173976
62391 670449
62391 746182
62391 795253
79146 4
79146 44695
79146 62391
79146 173976
79146 670449
79146 746182
79146 795253
670449 79146
670449 173976
746182 4
746182 44695
746182 62391
746182 79146
746182 173976
746182 670449
746182 795253
795253 4
795253 44695
795253 62391
795253 79146
795253 173976
795253 670449
795253 746182
5 39733
5 219773
5 300279
5 535142
5 579655
5 581741
5 608321
39733 300279
39733 579655
39733 581741
219773 39733
219773 300279
219773 579655
219773 581741
300279 39733
300279 579655
300279 581741
535142 39733
535142 300279
535142 579655
535142 581741
579655 39733
579655 300279
579655 581741
581741 39733
581741 219773
581741 300279
581741 579655
581741 608321
608321 5
608321 39733
608321 300279
608321 579655
608321 581741
6 119755
6 188708
6 668992
188708 119755
188708 668992
7 19576
7 43343
7 57818
7 75039
7 86833
7 174836
7 226374
7 230497
7 358176
7 487767
7 507854
7 514170
7 694921
7 743269
7 747035
7 877041
19576 43343
19576 57818
19576 174836
19576 226374
19576 358176
19576 487767
19576 514170
19576 877041
43343 19576
43343 75039
43343 226374
43343 358176
43343 487767
43343 514170
43343 877041
57818 19576
57818 43343
57818 226374
57818 358176
57818 487767
57818 514170
57818 877041
75039 19576
75039 43343
75039 226374
75039 358176
75039 487767
75039 514170
75039 877041
86833 19576
86833 43343
86833 75039
86833 226374
86833 358176
86833 487767
86833 514170
86833 877041
174836 226374
174836 507854
174836 877041
230497 19576
230497 43343
230497 226374
230497 358176
230497 487767
230497 514170
230497 877041
358176 19576
358176 43343
358176 226374
358176 487767
358176 514170
358176 877041
487767 7
487767 19576
487767 43343
487767 226374
487767 358176
487767 514170
487767 694921
487767 877041
507854 514170
514170 19576
514170 43343
514170 226374
514170 358176
514170 487767
514170 877041
694921 7
694921 19576
694921 43343
694921 57818
694921 226374
694921 358176
694921 487767
694921 514170
694921 877041
747035 19576
747035 43343
747035 226374
747035 358176
747035 487767
747035 514170
747035 877041
877041 19576
877041 43343
877041 75039
877041 226374
877041 358176
877041 487767
877041 514170
8 55948
8 846855
846855 55948
9 504263
9 704303
9 721062
9 780043
10 49988
10 85506
10 129774
10 134964
10 181848
10 194746
10 310676
10 332640
10 393685
10 556796
10 826668
49988 10
49988 134964
49988 181848
49988 310676
49988 393685
49988 556796
85506 10
85506 181848
85506 310676
85506 393685
85506 556796
134964 10
134964 181848
134964 310676
134964 393685
134964 556796
181848 10
181848 85506
181848 194746
181848 310676
181848 393685
181848 556796
194746 10
194746 181848
194746 310676
194746 393685
194746 556796
310676 10
310676 134964
310676 181848
310676 393685
310676 556796
332640 10
332640 181848
332640 310676
332640 393685
332640 556796
393685 10
393685 181848
393685 310676
393685 332640
393685 556796
556796 10
556796 181848
556796 310676
556796 393685
826668 10
826668 181848
826668 310676
826668 393685
826668 556796
11 42021
11 75364
11 105322
11 160306
11 216203
11 280605
11 360442
11 400675
11 579432
42021 75364
42021 105322
42021 160306
42021 216203
42021 360442
42021 400675
42021 579432
75364 11
75364 42021
75364 105322
75364 160306
75364 216203
75364 360442
75364 400675
75364 579432
105322 42021
105322 75364
105322 160306
105322 216203
105322 360442
105322 400675
105322 579432
160306 42021
160306 75364
160306 216203
160306 360442
160306 400675
160306 579432
216203 42021
216203 105322
216203 160306
216203 360442
216203 400675
216203 579432
280605 42021
280605 75364
280605 105322
280605 160306
280605 216203
280605 360442
280605 400675
280605 579432
360442 42021
360442 105322
360442 160306
360442 216203
360442 400675
360442 579432
400675 42021
400675 75364
400675 105322
400675 160306
400675 216203
400675 360442
400675 579432
579432 42021
579432 75364
579432 105322
